600,-932.5999756,-538.7000122,25.7999992,0.0000000,-1,-1,30; //Picador
	531,-946.7999878,-531.7000122,26.0000000,0.0000000,-1,-1,30; //Tractor
	600,-911.5000000,-514.0999756,25.7999992,0.0000000,-1,-1,30; //Picador
	478,-932.5000000,-496.3999939,26.0000000,163.9999390,-1,-1,30; //Walton
	593,-1375.5000000,-497.2000122,14.6999998,224.0000000,-1,-1,30; //Dodo
	593,-1353.9000244,-482.6000061,14.6999998,186.0000000,-1,-1,30; //Dodo
	592,-1243.8000488,-494.1000061,15.3999996,0.0000000,-1,-1,30; //Andromada
	511,-1451.3000488,-534.0000000,15.6999998,220.0000000,-1,-1,30; //Beagle
	512,-1429.8000488,-516.7000122,14.8000002,186.0000000,-1,-1,30; //Cropdust
	488,-1260.5999756,-621.5000000,14.3999996,0.0000000,-1,-1,30; //News Chopper
	487,-1276.8000488,-619.2999878,14.3999996,0.0000000,-1,-1,30; //Maverick
	487,-1323.8000488,-617.7999878,14.3999996,0.0000000,-1,-1,30; //Maverick
	487,-1346.5000000,-616.9000244,14.3999996,0.0000000,-1,-1,30; //Maverick
	577,-1643.6999512,-150.1999969,13.1000004,316.0000000,-1,-1,30; //AT-400
	519,-1336.0000000,-268.3999939,15.1000004,314.0000000,-1,-1,30; //Shamal
	519,-1379.0999756,-228.3000031,15.1000004,320.0000000,-1,-1,30; //Shamal
	553,-1124.3000488,-191.0000000,16.3999996,124.0000000,-1,-1,30; //Nevada
	515,-1723.9000244,-137.8000031,4.6999998,42.0000000,-1,-1,30; //Roadtrain
	515,-1732.5999756,-146.1999969,4.6999998,42.0000000,-1,-1,30; //Roadtrain
	515,-1740.9000244,-154.3000031,4.6999998,42.0000000,-1,-1,30; //Roadtrain
	606,-1277.8994141,30.7998047,14.1999998,133.9946289,-1,-1,30; //Luggage Trailer A
	607,-1274.7998047,27.5996094,14.1999998,135.9996338,-1,-1,30; //Luggage Trailer B
	511,-1207.9000244,45.4000015,15.6999998,0.0000000,-1,-1,30; //Beagle
	606,-1280.7998047,33.1992188,14.1999998,133.9946289,-1,-1,30; //Luggage Trailer A
	487,-1187.1999512,24.7000008,14.3999996,0.0000000,-1,-1,30; //Maverick
	552,-1260.5000000,9.6999998,13.8999996,134.0000000,-1,-1,30; //Utility
	563,-1223.5999756,-7.0999999,15.0000000,0.0000000,-1,-1,30; //Raindance
	460,-1196.0999756,236.5000000,2.0000000,314.0000000,-1,-1,30; //Skimmer
	552,-1214.1999512,-108.4000015,13.8999996,130.0000000,-1,-1,30; //Utility
	573,-1261.8000488,34.0000000,14.3999996,0.0000000,-1,-1,30; //Duneride
	485,-1262.8000488,14.3000002,13.8000002,134.0000000,-1,-1,30; //Baggage
	455,-1733.6999512,189.0000000,4.0999999,0.0000000,-1,-1,30; //Flatbed
	530,-1704.4000244,4.0999999,3.3000000,0.0000000,-1,-1,30; //Forklift
	530,-1714.0999756,13.6000004,3.4000001,298.0000000,-1,-1,30; //Forklift
	578,-557.7999878,-499.0000000,25.8999996,0.0000000,-1,-1,30; //DFT-30
	578,-529.7000122,-498.8999939,25.8999996,0.0000000,-1,-1,30; //DFT-30
	578,-520.2999878,-499.0000000,25.8999996,0.0000000,-1,-1,30; //DFT-30
	403,-589.7999878,-487.7999878,26.2000008,0.0000000,-1,-1,30; //Linerunner
	403,-585.0000000,-487.3999939,26.2000008,0.0000000,-1,-1,30; //Linerunner
	403,-580.2000122,-487.2000122,26.2000008,0.0000000,-1,-1,30; //Linerunner
	403,-575.0999756,-487.5000000,26.2000008,0.0000000,-1,-1,30; //Linerunner
	514,-589.7000122,-472.1000061,26.2000008,0.0000000,-1,-1,30; //Tanker
	514,-584.7999878,-472.8999939,26.2000008,0.0000000,-1,-1,30; //Tanker
	514,-579.7999878,-473.2999878,26.2000008,0.0000000,-1,-1,30; //Tanker
	584,-616.7999878,-495.2000122,26.7000008,0.0000000,-1,-1,30; //Trailer 3
	584,-611.7000122,-494.3999939,26.7000008,0.0000000,-1,-1,30; //Trailer 3
	435,-607.2000122,-493.3999939,26.2000008,0.0000000,-1,-1,30; //Trailer 1
	450,-602.5000000,-493.5000000,26.2000008,0.0000000,-1,-1,30; //Trailer 2
	591,-598.2000122,-493.3999939,26.2000008,0.0000000,-1,-1,30; //Trailer 3
	524,-524.2999878,-472.5000000,26.6000004,0.0000000,-1,-1,30; //Cement Truck
	524,-519.2000122,-472.7999878,26.6000004,0.0000000,-1,-1,30; //Cement Truck
	515,-529.0999756,-473.3999939,26.7000008,0.0000000,-1,-1,30; //Roadtrain
	515,-565.5000000,-486.7999878,26.7000008,0.0000000,-1,-1,30; //Roadtrain
	515,-544.0000000,-473.7000122,26.7000008,0.0000000,-1,-1,30; //Roadtrain
	420,-1986.6999512,127.6999969,27.5000000,0.0000000,-1,-1,30; //Taxi
	420,-1986.9000244,119.0999985,27.3999996,0.0000000,-1,-1,30; //Taxi
	438,-1987.5999756,151.1000061,27.7000008,0.0000000,-1,-1,30; //Cabbie
	438,-1987.3000488,160.5000000,27.7000008,0.0000000,-1,-1,30; //Cabbie
	538,-1943.5999756,153.1999969,27.2000008,357.9949951,-1,-1,30; //Streak
	525,-2034.4000244,170.0000000,28.7999992,268.0000000,-1,-1,30; //Tow Truck
	525,-2034.3000488,178.3999939,28.7999992,267.9949951,-1,-1,30; //Tow Truck
	445,-2052.3000488,145.8999939,28.7999992,0.0000000,-1,-1,30; //Admiral
	524,-2047.6999512,248.8999939,36.9000015,0.0000000,-1,-1,30; //Cement Truck
	574,-1968.8000488,171.5000000,27.5000000,0.0000000,-1,-1,30; //Sweeper
	411,-2059.6000977,-109.0999985,35.0999985,0.0000000,-1,-1,30; //Infernus
	415,-2062.6999512,-109.5000000,35.2000008,0.0000000,-1,-1,30; //Cheetah
	429,-2065.6000977,-109.4000015,35.0999985,0.0000000,-1,-1,30; //Banshee
	451,-2070.3000488,-108.9000015,35.0999985,0.0000000,-1,-1,30; //Turismo
	477,-2074.3999023,-108.6999969,35.2000008,0.0000000,-1,-1,30; //ZR-350
	506,-2081.0000000,-108.0000000,35.0999985,0.0000000,-1,-1,30; //Super GT
	541,-2084.8999023,-108.0999985,35.0000000,0.0000000,-1,-1,30; //Bullet
	559,-2088.6000977,-107.9000015,35.0999985,0.0000000,-1,-1,30; //Jester
	522,-2091.3000488,-107.5000000,35.0000000,0.0000000,-1,-1,30; //NRG-500
	521,-2093.1000977,-107.0999985,35.0000000,0.0000000,-1,-1,30; //FCR-900
	413,-2113.3000488,-272.6000061,35.5000000,0.0000000,-1,-1,30; //Pony
	482,-2100.3000488,-273.1000061,35.5999985,32.0000000,-1,-1,30; //Burrito
	498,-2135.8999023,-233.8000031,35.5000000,0.0000000,-1,-1,30; //Boxville
	499,-2099.1999512,-221.1999969,35.4000015,0.0000000,-1,-1,30; //Benson
	530,-2185.3000488,-209.3000031,36.2999992,0.0000000,-1,-1,30; //Forklift
	567,-2158.1999512,-197.3000031,35.2999992,0.0000000,-1,-1,30; //Savanna
	448,-1805.0000000,949.5000000,24.6000004,0.0000000,-1,-1,30; //Pizzaboy
	509,-2808.8000488,1118.6999512,27.7999992,0.0000000,-1,-1,30; //Bike
	481,-2807.6000977,1118.6999512,27.7999992,0.0000000,-1,-1,30; //BMX
	510,-2806.3999023,1118.8000488,27.7999992,359.9884033,-1,-1,30; //Mountain Bike
	409,-2754.5000000,367.0000000,4.0999999,0.0000000,-1,-1,30; //Stretch
	409,-2754.1999512,378.3999939,4.0999999,0.0000000,-1,-1,30; //Stretch
	439,-2691.3999023,268.7000122,4.3000002,0.0000000,-1,-1,30; //Stallion
	529,-2681.8999023,268.5000000,4.0999999,0.0000000,-1,-1,30; //Willard
	585,-2671.8000488,268.8999939,4.0000000,0.0000000,-1,-1,30; //Emperor
	404,-2661.3999023,268.2000122,4.1999998,0.0000000,-1,-1,30; //Perrenial
	581,-2656.8000488,75.4000015,3.8000000,0.0000000,-1,-1,30; //BF-400
	482,-2651.0000000,110.3000031,4.4000001,4.2500000,-1,-1,30; //Burrito
	413,-2710.5000000,136.5000000,4.3000002,0.0000000,-1,-1,30; //Pony
	477,-2710.6999512,110.6999969,4.0000000,0.0000000,-1,-1,30; //ZR-350
	477,-2738.6999512,120.0999985,4.4000001,0.0000000,-1,-1,30; //ZR-350
	602,-2729.3999023,77.5000000,4.1999998,0.0000000,-1,-1,30; //Alpha
	483,-2710.6000977,59.9000015,4.3000002,0.0000000,-1,-1,30; //Camper
	483,-2676.3000488,-22.7000008,4.4000001,0.0000000,-1,-1,30; //Camper
	600,-2764.8000488,16.5000000,6.8000002,0.0000000,-1,-1,30; //Picador
	565,-2761.6999512,-32.2000008,6.6999998,0.0000000,-1,-1,30; //Flash
	572,-2685.8000488,16.7000008,4.0000000,0.0000000,-1,-1,30; //Mower
	405,-2683.0000000,-22.2000008,4.3000002,0.0000000,-1,-1,30; //Sentinel
	405,-2617.5000000,-22.0000000,4.3000002,0.0000000,-1,-1,30; //Sentinel
	426,-2630.3000488,-35.0999985,4.1999998,0.0000000,-1,-1,30; //Premier
	426,-2649.5000000,-54.5999985,4.1999998,0.0000000,-1,-1,30; //Premier
	575,-2689.8999023,-54.7999992,4.0999999,0.0000000,-1,-1,30; //Broadway
	518,-2683.3999023,-55.2999992,4.0999999,0.0000000,-1,-1,30; //Buccaneer
	439,-2663.1999512,-55.5999985,4.3000002,0.0000000,-1,-1,30; //Stallion
	603,-2620.1000977,-55.2999992,4.3000002,0.0000000,-1,-1,30; //Phoenix
	410,-2658.0000000,-101.5999985,3.9000001,0.0000000,-1,-1,30; //Manana
	602,-2654.0000000,-158.1000061,4.0000000,0.0000000,-1,-1,30; //Alpha
	457,-2754.3000488,-280.2000122,6.8000002,0.0000000,-1,-1,30; //Caddy
	457,-2756.6999512,-280.3999939,6.8000002,0.0000000,-1,-1,30; //Caddy
	457,-2759.1999512,-280.7999878,6.8000002,0.0000000,-1,-1,30; //Caddy
	457,-2751.6000977,-280.2999878,6.8000002,0.0000000,-1,-1,30; //Caddy
	457,-2761.6000977,-280.7000122,6.8000002,0.0000000,-1,-1,30; //Caddy
	422,-2767.1000977,-294.7999878,7.0999999,0.0000000,-1,-1,30; //Bobcat
	422,-2765.6000977,-311.1000061,7.0999999,0.0000000,-1,-1,30; //Bobcat
	603,-2779.0000000,-282.1000061,7.0000000,0.0000000,-1,-1,30; //Phoenix
	603,-2750.1000977,-295.3999939,7.0000000,0.0000000,-1,-1,30; //Phoenix
	534,-2758.8000488,-182.3000031,6.8000002,0.0000000,-1,-1,30; //Remington
	518,-2758.1999512,-111.0999985,6.6999998,0.0000000,-1,-1,30; //Buccaneer
	412,-2496.0000000,154.6999969,8.0000000,108.0000000,-1,-1,30; //Voodoo
	587,-2530.3999023,314.6000061,34.9000015,70.0000000,-1,-1,30; //Euros
	559,-2509.0000000,332.7999878,34.9000015,246.0000000,-1,-1,30; //Jester
	429,-2497.8000488,357.1000061,35.0000000,240.0000000,-1,-1,30; //Banshee
	602,-2502.6000977,382.0000000,35.0000000,56.0000000,-1,-1,30; //Alpha
	475,-2517.3000488,351.3999939,35.0000000,246.0000000,-1,-1,30; //Sabre
	463,-2477.3000488,412.7000122,27.3999996,320.0000000,-1,-1,30; //Freeway
	463,-2496.1999512,430.2999878,27.3999996,310.0000000,-1,-1,30; //Freeway
	461,-2484.0000000,418.7000122,27.5000000,320.0000000,-1,-1,30; //PCJ-600
	462,-2480.5000000,393.3999939,27.3999996,140.0000000,-1,-1,30; //Faggio
	462,-2489.8000488,400.7000122,27.5000000,140.0000000,-1,-1,30; //Faggio
	429,-2689.6000977,233.5000000,4.1999998,268.0000000,-1,-1,30; //Banshee
	477,-2588.6999512,627.5000000,14.3000002,270.0000000,-1,-1,30; //ZR-350
	401,-2589.1999512,647.5999756,14.3000002,268.0000000,-1,-1,30; //Bravura
	542,-2570.8999023,632.5000000,14.3000002,270.0000000,-1,-1,30; //Clover
	416,-2662.3000488,625.7999878,14.8000002,268.0000000,-1,-1,30; //Ambulance
	421,-2543.3999023,598.5000000,14.5000000,90.0000000,-1,-1,30; //Washington
	546,-2557.8999023,626.0999756,27.6000004,0.0000000,-1,-1,30; //Intruder
	580,-2578.6999512,626.5999756,27.7000008,0.0000000,-1,-1,30; //Stafford
	416,-2638.8000488,624.2000122,14.8000002,267.9949951,-1,-1,30; //Ambulance
	474,-2651.8999023,703.5000000,27.7000008,92.0000000,-1,-1,30; //Hermes
	496,-2434.1000977,741.7000122,34.7999992,0.0000000,-1,-1,30; //Blista Compact
	533,-2425.3000488,741.2999878,34.7999992,0.0000000,-1,-1,30; //Feltzer
	542,-2429.6000977,741.2999878,34.9000015,0.0000000,-1,-1,30; //Clover
	428,-2429.6999512,515.2999878,30.2000008,38.0000000,-1,-1,30; //Securicar
	428,-2419.2998047,525.0996094,30.2000008,49.9998779,-1,-1,30; //Securicar
	428,-2413.8999023,539.9000244,30.2000008,88.0000000,-1,-1,30; //Securicar
	477,-2460.3999023,741.0999756,34.9000015,0.0000000,-1,-1,30; //ZR-350
	558,-2447.1000977,741.2999878,34.7000008,0.0000000,-1,-1,30; //Uranus
	401,-2481.8999023,740.0999756,34.9000015,0.0000000,-1,-1,30; //Bravura
	527,-2407.6000977,741.2000122,34.7999992,0.0000000,-1,-1,30; //Cadrona
	475,-2460.1000977,777.2000122,35.0999985,0.0000000,-1,-1,30; //Sabre
	419,-2354.6999512,983.4000244,50.5999985,4.0000000,-1,-1,30; //Esperanto
	576,-2349.5000000,984.2000122,50.4000015,3.9890137,-1,-1,30; //Tornado
	422,-2423.6000977,952.5999756,45.4000015,268.0000000,-1,-1,30; //Bobcat
	559,-2422.8999023,993.4000244,45.0999985,270.0000000,-1,-1,30; //Jester
	492,-2617.8000488,1375.9000244,7.0000000,0.0000000,-1,-1,30; //Greenwood
	551,-2622.5000000,1376.0000000,7.0000000,0.0000000,-1,-1,30; //Merit
	566,-2629.3000488,1375.8000488,7.0000000,0.0000000,-1,-1,30; //Tahoma
	546,-2646.5000000,1377.8000488,7.0000000,0.0000000,-1,-1,30; //Intruder
	549,-2511.5000000,1209.9000244,37.2999992,88.0000000,-1,-1,30; //Tampa
	405,-2494.6000977,1216.9000244,37.4000015,322.0000000,-1,-1,30; //Sentinel
	529,-2521.1000977,1228.9000244,37.2000008,30.0000000,-1,-1,30; //Willard
	585,-2534.3000488,1228.6999512,37.0999985,32.0000000,-1,-1,30; //Emperor
	581,-1836.9000244,1307.3000488,59.4000015,0.0000000,-1,-1,30; //BF-400
	581,-1831.0999756,1309.0999756,59.4000015,0.0000000,-1,-1,30; //BF-400
	466,-1652.0999756,1310.6999512,7.0000000,314.0000000,-1,-1,30; //Glendale
	421,-1641.6999512,1300.4000244,7.0000000,314.0000000,-1,-1,30; //Washington
	448,-1720.3000488,1365.0999756,6.9000001,0.0000000,-1,-1,30; //Pizzaboy
	445,-1631.1999512,1290.5000000,7.0000000,312.0000000,-1,-1,30; //Admiral
	402,-1658.5000000,1209.9000244,21.1000004,0.0000000,-1,-1,30; //Buffalo
	480,-1658.1999512,1213.8000488,13.5000000,0.0000000,-1,-1,30; //Comet
	462,-1585.5000000,809.4000244,6.5000000,0.0000000,-1,-1,30; //Faggio
	565,-1656.9000244,1213.6999512,6.9000001,338.0000000,-1,-1,30; //Flash
	597,-1574.5000000,726.5999756,-5.4000001,89.9956055,-1,-1,30; //Police Car SFPD
	597,-1612.4000244,748.4000244,-5.4000001,180.0000000,-1,-1,30; //Police Car SFPD
	597,-1574.4000244,730.5999756,-5.4000001,89.9945068,-1,-1,30; //Police Car SFPD
	597,-1574.0999756,722.5999756,-5.4000001,89.9945068,-1,-1,30; //Police Car SFPD
	597,-1574.4000244,735.0999756,-5.4000001,90.0000000,-1,-1,30; //Police Car SFPD
	597,-1600.1999512,748.5999756,-5.4000001,182.0000000,-1,-1,30; //Police Car SFPD
	597,-1596.0000000,748.7000122,-5.4000001,180.0000000,-1,-1,30; //Police Car SFPD
	597,-1574.3000488,738.5000000,-5.4000001,90.0000000,-1,-1,30; //Police Car SFPD
	597,-1574.5999756,742.7000122,-5.4000001,90.0000000,-1,-1,30; //Police Car SFPD
	597,-1587.8000488,748.7000122,-5.4000001,177.9949951,-1,-1,30; //Police Car SFPD
	523,-1573.9000244,717.9000244,-5.5999999,90.0000000,-1,-1,30; //HPV1000
	523,-1574.0999756,714.0000000,-5.5999999,90.0000000,-1,-1,30; //HPV1000
	523,-1574.0000000,710.0999756,-5.5999999,90.0000000,-1,-1,30; //HPV1000
	523,-1574.6999512,706.5000000,-5.5999999,90.0000000,-1,-1,30; //HPV1000
	565,-1621.0000000,660.9000244,-5.5999999,0.0000000,-1,-1,30; //Flash
	562,-1623.5999756,653.7000122,-5.5000000,88.0000000,-1,-1,30; //Elegy
	599,-1604.6999512,691.5999756,-4.9000001,0.0000000,-1,-1,30; //Police Ranger
	562,-1623.6999512,649.5999756,-5.5000000,87.9949951,-1,-1,30; //Elegy
	599,-1611.9000244,691.2000122,-4.9000001,0.0000000,-1,-1,30; //Police Ranger
	602,-1638.5999756,649.7999878,-5.3000002,270.0092773,-1,-1,30; //Alpha
	523,-1582.6999512,674.0999756,6.8000002,0.0000000,-1,-1,30; //HPV1000
	523,-1576.5000000,674.0000000,6.9000001,0.0000000,-1,-1,30; //HPV1000
	523,-1587.5999756,673.5999756,6.8000002,0.0000000,-1,-1,30; //HPV1000
	523,-1594.6999512,674.0000000,6.8000002,0.0000000,-1,-1,30; //HPV1000
	497,-1682.0000000,706.0000000,30.8999996,90.0000000,-1,-1,30; //Police Maverick
	528,-1599.4000244,673.0000000,7.4000001,0.0000000,-1,-1,30; //FBI Truck
	528,-1605.0000000,673.5000000,7.4000001,0.0000000,-1,-1,30; //FBI Truck
	581,-1594.0999756,859.0000000,7.1999998,86.0000000,-1,-1,30; //BF-400
	482,-1531.5999756,805.4000244,7.4000001,356.0000000,-1,-1,30; //Burrito
	483,-1525.4000244,860.2999878,7.3000002,0.0000000,-1,-1,30; //Camper
	422,-1674.3000488,438.2999878,7.3000002,0.0000000,-1,-1,30; //Bobcat
	533,-1700.1999512,412.1000061,7.0000000,222.0000000,-1,-1,30; //Feltzer
	517,-1704.8000488,408.0000000,7.0999999,222.0000000,-1,-1,30; //Majestic
	461,-1705.0000000,382.2999878,6.9000001,310.0000000,-1,-1,30; //PCJ-600
	408,-1840.0999756,-14.6999998,15.8999996,0.0000000,-1,-1,30; //Trashmaster
	574,-1835.5999756,-12.1999998,14.8999996,0.0000000,-1,-1,30; //Sweeper
	461,-1707.5000000,384.8999939,6.9000001,310.0000000,-1,-1,30; //PCJ-600
	586,-1710.0000000,387.6000061,6.8000002,310.0000000,-1,-1,30; //Wayfarer
	578,-1830.6999512,-13.5000000,15.8999996,0.0000000,-1,-1,30; //DFT-30
	521,-1713.1999512,390.2999878,6.8000002,310.0000000,-1,-1,30; //FCR-900
	463,-1716.0999756,393.2999878,6.8000002,310.0000000,-1,-1,30; //Freeway
	407,-2021.9000244,92.9000015,28.3999996,270.0000000,-1,-1,30; //Firetruck
	407,-2021.5000000,83.8000031,28.3999996,270.0000000,-1,-1,30; //Firetruck
	544,-2020.8000488,73.0000000,28.6000004,226.0000000,-1,-1,30; //Firetruck LA
	544,-2062.6999512,91.5999985,28.7999992,225.9997559,-1,-1,30; //Firetruck LA
	554,-2081.3000488,61.5000000,34.4000015,272.0000000,-1,-1,30; //Yosemite
	554,-2081.3999023,-83.6999969,35.4000015,0.0000000,-1,-1,30; //Yosemite
	436,-2093.8999023,-83.9000015,35.0000000,0.0000000,-1,-1,30; //Previon
	517,-2064.3999023,-84.4000015,35.0999985,0.0000000,-1,-1,30; //Majestic
	549,-2264.6999512,-161.6999969,35.0000000,0.0000000,-1,-1,30; //Tampa
	518,-2281.1999512,-131.6999969,35.0999985,90.0000000,-1,-1,30; //Buccaneer
	576,-2322.1999512,-123.9000015,35.0999985,0.0000000,-1,-1,30; //Tornado
	445,-2315.3999023,-124.8000031,35.2999992,0.0000000,-1,-1,30; //Admiral
	529,-2337.5000000,-124.0999985,35.0999985,0.0000000,-1,-1,30; //Willard
	566,-2329.8999023,-124.4000015,35.2000008,0.0000000,-1,-1,30; //Tahoma
	566,-2344.6000977,-124.4000015,35.2000008,0.0000000,-1,-1,30; //Tahoma
	547,-2355.6000977,-124.6999969,35.2000008,0.0000000,-1,-1,30; //Primo
	406,-2324.1000977,-101.3000031,36.0999985,0.0000000,-1,-1,30; //Dumper
	480,-2445.6000977,-164.1000061,35.2000008,90.0000000,-1,-1,30; //Comet
	582,-2520.3000488,-602.4000244,132.6999969,0.0000000,-1,-1,30; //Newsvan
	582,-2512.8000488,-602.4000244,132.6999969,0.0000000,-1,-1,30; //Newsvan
	582,-2502.1999512,-602.2999878,132.6999969,0.0000000,-1,-1,30; //Newsvan
	488,-2494.3999023,-685.7000122,139.6000061,0.0000000,-1,-1,30; //News Chopper
	410,-2489.3000488,-172.3000031,25.3999996,0.0000000,-1,-1,30; //Manana
	409,-1761.0999756,954.7999878,24.7000008,90.0000000,-1,-1,30; //Stretch
	526,-2466.3999023,-103.5999985,25.6000004,0.0000000,-1,-1,30; //Fortune
	409,-1747.0000000,955.0999756,24.7000008,90.0000000,-1,-1,30; //Stretch
	549,-2506.1999512,-99.0999985,25.2999992,0.0000000,-1,-1,30; //Tampa
	467,-2505.8999023,-22.2999992,25.5000000,0.0000000,-1,-1,30; //Oceanic
	529,-2550.3999023,22.1000004,16.2000008,0.0000000,-1,-1,30; //Willard
	533,-2550.1999512,-32.4000015,16.2000008,0.0000000,-1,-1,30; //Feltzer
	419,-2599.5000000,54.0000000,4.0999999,0.0000000,-1,-1,30; //Esperanto
	575,-2608.6000977,11.6000004,4.0999999,0.0000000,-1,-1,30; //Broadway
	463,-2590.0000000,73.4000015,4.0999999,110.0000000,-1,-1,30; //Freeway
	409,-2417.8000488,330.2000122,34.9000015,150.0000000,-1,-1,30; //Stretch
	517,-2760.0000000,133.8000031,6.9000001,0.0000000,-1,-1,30; //Majestic
	542,-2754.8000488,178.6000061,6.9000001,0.0000000,-1,-1,30; //Clover
	576,-2795.3000488,238.1000061,6.9000001,0.0000000,-1,-1,30; //Tornado
	507,-2803.8999023,260.3999939,7.0999999,0.0000000,-1,-1,30; //Elegant
	547,-2756.8000488,293.0000000,5.4000001,269.9580078,-1,-1,30; //Primo
	533,-2691.0000000,330.7000122,4.0000000,270.0000000,-1,-1,30; //Feltzer
	565,-2658.0000000,385.2000122,3.8000000,0.0000000,-1,-1,30; //Flash
	410,-2710.6999512,446.5000000,3.9000001,0.0000000,-1,-1,30; //Manana
	549,-2858.8000488,414.5000000,4.4000001,0.0000000,-1,-1,30; //Tampa
	452,-1477.3000488,689.7999878,0.0000000,0.0000000,-1,-1,30; //Speeder
	475,-2807.5000000,461.6000061,5.0999999,270.0000000,-1,-1,30; //Sabre
	454,-1401.9000244,697.7999878,0.0000000,0.0000000,-1,-1,30; //Tropic
	542,-2827.8999023,585.2999878,5.3000002,0.0000000,-1,-1,30; //Clover
	405,-2871.3000488,755.7000122,31.7000008,8.0000000,-1,-1,30; //Sentinel
	467,-2792.1999512,778.0000000,50.2999992,0.0000000,-1,-1,30; //Oceanic
	534,-2763.1000977,766.2000122,52.5999985,0.0000000,-1,-1,30; //Remington
	588,-2458.8000488,792.2000122,35.0000000,0.0000000,-1,-1,30; //Hotdog
	429,-2379.5000000,890.7999878,45.0000000,0.0000000,-1,-1,30; //Banshee
	560,-2197.3000488,1007.5000000,79.8000031,88.0000000,-1,-1,30; //Sultan
	474,-2394.0000000,930.0000000,45.2000008,0.0000000,-1,-1,30; //Hermes
	475,-2408.1000977,903.5999756,45.2999992,90.0000000,-1,-1,30; //Sabre
	549,-2197.1000977,996.7999878,79.9000015,92.0000000,-1,-1,30; //Tampa
	445,-2522.1999512,926.2999878,64.9000015,0.0000000,-1,-1,30; //Admiral
	516,-2196.5000000,989.7000122,79.9000015,88.0000000,-1,-1,30; //Nebula
	558,-2197.3000488,972.0000000,79.6999969,90.0000000,-1,-1,30; //Uranus
	529,-2569.8999023,903.4000244,64.5999985,92.0000000,-1,-1,30; //Willard
	496,-2611.5000000,831.9000244,49.5999985,0.0000000,-1,-1,30; //Blista Compact
	549,-1979.4000244,953.4000244,45.2999992,0.0000000,-1,-1,30; //Tampa
	412,-1905.4000244,954.4000244,35.0000000,352.0000000,-1,-1,30; //Voodoo
	507,-2570.6999512,999.7999878,78.0999985,92.0000000,-1,-1,30; //Elegant
	546,-2290.1999512,865.4000244,42.7000008,0.0000000,-1,-1,30; //Intruder
	517,-2273.8999023,923.5000000,66.4000015,0.0000000,-1,-1,30; //Majestic
	534,-2248.3000488,960.4000244,66.5999985,0.0000000,-1,-1,30; //Remington
	496,-2248.5000000,774.0999756,49.0999985,0.0000000,-1,-1,30; //Blista Compact
	474,-2287.6999512,813.5999756,49.4000015,270.0000000,-1,-1,30; //Hermes
	549,-2151.6000977,790.0000000,69.3000031,0.0000000,-1,-1,30; //Tampa
	405,-2134.8000488,837.4000244,69.4000015,0.0000000,-1,-1,30; //Sentinel
	445,-1973.4000244,724.0000000,45.2999992,272.0000000,-1,-1,30; //Admiral
	540,-1906.6999512,712.7999878,45.4000015,0.0000000,-1,-1,30; //Vincent
	526,-1891.8000488,885.5000000,34.9000015,0.0000000,-1,-1,30; //Fortune
	518,-1786.5999756,872.7999878,24.7000008,0.0000000,-1,-1,30; //Buccaneer
	527,-1800.9000244,883.2999878,24.5000000,0.0000000,-1,-1,30; //Cadrona
	549,-1786.8000488,798.7000122,24.7999992,0.0000000,-1,-1,30; //Tampa
	549,-1721.1999512,890.2000122,24.6000004,0.0000000,-1,-1,30; //Tampa
	419,-1767.0000000,833.5999756,24.7000008,92.0000000,-1,-1,30; //Esperanto
	419,-1948.8000488,1323.3000488,7.1999998,90.0000000,-1,-1,30; //Esperanto
	496,-1706.8000488,793.7999878,24.5000000,0.0000000,-1,-1,30; //Blista Compact
	533,-1975.5000000,1322.9000244,7.0999999,90.0000000,-1,-1,30; //Feltzer
	562,-1721.5999756,813.0000000,24.5000000,0.0000000,-1,-1,30; //Elegy
	526,-1591.3000488,939.4000244,7.5000000,92.0000000,-1,-1,30; //Fortune
	518,-1610.5999756,1024.1999512,7.0000000,0.0000000,-1,-1,30; //Buccaneer
	517,-1613.3000488,1166.4000244,7.0999999,0.0000000,-1,-1,30; //Majestic
	412,-1734.0000000,1195.6999512,24.8999996,90.0000000,-1,-1,30; //Voodoo
	410,-1831.6999512,1398.8000488,6.9000001,0.0000000,-1,-1,30; //Manana
	533,-1837.3000488,1398.5000000,7.0000000,0.0000000,-1,-1,30; //Feltzer
	405,-1876.5000000,1067.0999756,45.4000015,0.0000000,-1,-1,30; //Sentinel
	534,-1971.6999512,1095.5000000,55.4000015,0.0000000,-1,-1,30; //Remington
	567,-1786.8000488,1013.4000244,24.8999996,0.0000000,-1,-1,30; //Savanna
	496,-1958.5999756,1185.9000244,45.2000008,90.0000000,-1,-1,30; //Blista Compact
	492,-1688.9000244,910.5999756,24.7999992,270.0000000,-1,-1,30; //Greenwood
	527,-1997.4000244,805.7999878,45.0999985,0.0000000,-1,-1,30; //Cadrona
	436,-2093.3999023,716.7000122,69.3000031,0.0000000,-1,-1,30; //Previon
	551,-1723.0999756,639.0999756,24.7999992,180.0000000,-1,-1,30; //Merit
	527,-1929.3000488,585.0999756,34.9000015,0.0000000,-1,-1,30; //Cadrona
	576,-1938.6999512,585.7000122,34.9000015,0.0000000,-1,-1,30; //Tornado
	466,-1835.0000000,598.2000122,35.0999985,270.0000000,-1,-1,30; //Glendale
	467,-1950.4000244,585.7999878,35.0000000,0.0000000,-1,-1,30; //Oceanic
	540,-2011.5999756,540.0000000,35.0000000,0.0000000,-1,-1,30; //Vincent
	566,-2394.3999023,587.2999878,26.1000004,180.0000000,-1,-1,30; //Tahoma
	410,-2011.5000000,489.6000061,34.7999992,0.0000000,-1,-1,30; //Manana
	559,-1996.8000488,426.3999939,34.7999992,0.0000000,-1,-1,30; //Jester
	492,-2470.3999023,1123.3000488,55.5999985,90.0000000,-1,-1,30; //Greenwood
	587,-2163.1000977,306.6000061,34.9000015,0.0000000,-1,-1,30; //Euros
	576,-2572.6999512,1133.5999756,55.4000015,70.0000000,-1,-1,30; //Tornado
	496,-2171.6999512,306.2000122,34.9000015,0.0000000,-1,-1,30; //Blista Compact
	545,-2163.1000977,293.8999939,35.0999985,0.0000000,-1,-1,30; //Hustler
	603,-2180.0000000,293.7000122,35.0999985,0.0000000,-1,-1,30; //Phoenix
	549,-2033.4000244,1039.6999512,55.5999985,0.0000000,-1,-1,30; //Tampa
	527,-2193.1999512,293.2999878,34.9000015,0.0000000,-1,-1,30; //Cadrona
	436,-2234.5000000,306.7999878,35.0000000,0.0000000,-1,-1,30; //Previon
	517,-2266.6000977,185.1999969,35.0999985,88.0000000,-1,-1,30; //Majestic
	518,-2266.1999512,192.3000031,35.0000000,88.0000000,-1,-1,30; //Buccaneer
	536,-2266.3000488,204.3000031,35.0000000,90.0000000,-1,-1,30; //Blade
	439,-2386.1999512,408.8999939,35.2000008,42.0000000,-1,-1,30; //Stallion
	526,-2210.8000488,580.4000244,35.0000000,0.0000000,-1,-1,30; //Fortune
	436,-2248.5000000,650.2000122,49.2000008,0.0000000,-1,-1,30; //Previon
	549,-2228.1000977,735.7999878,49.0999985,270.0000000,-1,-1,30; //Tampa
	602,-2582.3000488,473.7000122,14.5000000,90.0000000,-1,-1,30; //Alpha
	602,-2612.0000000,438.6000061,14.5000000,0.0000000,-1,-1,30; //Alpha
	549,-2151.5000000,715.4000244,69.3000031,0.0000000,-1,-1,30; //Tampa
	527,-2065.3000488,558.4000244,35.0000000,88.0000000,-1,-1,30; //Cadrona
	518,-2745.3999023,777.7000122,54.2000008,0.0000000,-1,-1,30; //Buccaneer
496,-2745.3999023,927.2000122,57.5999985,0.0000000,-1,-1,30; //Blista Compact
558,-2745.3000488,990.5000000,54.2000008,0.0000000,-1,-1,30; //Uranus
415,-2719.3999023,1083.9000244,46.2999992,316.0000000,-1,-1,30; //Cheetah
415,-2448.5000000,1384.8000488,7.0000000,272.0000000,-1,-1,30; //Cheetah
429,-2134.3000488,599.0000000,43.0999985,0.0000000,-1,-1,30; //Banshee
419,-2162.1999512,-91.0000000,35.0999985,0.0000000,-1,-1,30; //Esperanto
555,-2151.8999023,452.6000061,35.0000000,0.0000000,-1,-1,30; //Windsor
474,-2141.6999512,293.2000122,35.0999985,0.0000000,-1,-1,30; //Hermes
529,-2161.8999023,-33.2000008,35.0999985,0.0000000,-1,-1,30; //Willard
551,-2171.8000488,21.0000000,35.0999985,0.0000000,-1,-1,30; //Merit
527,-2144.5000000,131.1000061,35.0999985,0.0000000,-1,-1,30; //Cadrona
506,-2171.1000977,63.9000015,35.0000000,0.0000000,-1,-1,30; //Super GT