if(newinteriorid != 0 && InBusiness[playerid] == true)
	{//Bar
		RemoveBuilding( 1544, 505.7188, -69.5781, 998.6250, 0.25);
		RemoveBuilding( 2112, 506.1875, -69.7734, 998.1953, 0.25);
		RemoveBuilding( 1543, 506.5469, -69.3906, 998.6250, 0.25);
		RemoveBuilding( 1805, 507.1641, -69.0938, 998.0078, 0.25);
		RemoveBuilding( 1805, 509.1875, -69.7266, 998.0078, 0.25);
		RemoveBuilding( 2112, 509.9531, -69.7734, 998.1953, 0.25);
		RemoveBuilding( 1543, 510.0703, -69.3828, 998.6250, 0.25);
		RemoveBuilding( 1544, 510.3438, -69.5703, 998.6250, 0.25);
		RemoveBuilding( 2660, 487.3516, -81.2109, 999.8828, 0.25);
		RemoveBuilding( 2695, 487.3594, -78.3203, 999.8594, 0.25);
		RemoveBuilding( 2964, 489.7500, -80.2109, 997.7344, 0.25);
		RemoveBuilding( 18091, 491.8750, -81.8438, 995.8438, 0.25);
		RemoveBuilding( 2350, 492.0547, -81.1563, 998.1328, 0.25);
		RemoveBuilding( 2350, 492.0547, -78.9531, 998.1328, 0.25);
		RemoveBuilding( 1548, 492.7969, -78.7500, 998.8125, 0.25);
		RemoveBuilding( 1543, 492.7656, -81.0000, 998.7891, 0.25);
		RemoveBuilding( 1541, 493.1719, -78.7656, 998.9609, 0.25);
		RemoveBuilding( 1543, 492.9297, -81.1484, 998.7891, 0.25);
		RemoveBuilding( 1517, 496.6094, -79.7891, 999.0625, 0.25);
		RemoveBuilding( 1517, 496.4219, -79.5859, 999.0703, 0.25);
		RemoveBuilding( 1520, 496.7656, -79.5938, 998.9375, 0.25);
		RemoveBuilding( 1545, 496.9063, -80.2500, 999.8984, 0.25);
		RemoveBuilding( 1517, 497.0000, -79.5859, 999.0625, 0.25);
		RemoveBuilding( 1520, 497.3438, -79.5938, 998.9375, 0.25);
		RemoveBuilding( 1545, 499.4375, -80.2500, 999.8984, 0.25);
		RemoveBuilding( 1517, 499.3438, -79.8516, 999.0703, 0.25);
		RemoveBuilding( 1517, 499.5781, -80.0000, 999.0625, 0.25);
		RemoveBuilding( 1517, 499.8438, -79.8672, 999.0625, 0.25);
		RemoveBuilding( 1517, 500.1797, -80.0547, 999.0625, 0.25);
		RemoveBuilding( 1520, 500.2344, -79.6172, 998.9375, 0.25);
		RemoveBuilding( 2657, 504.3438, -88.0313, 999.0547, 0.25);
		RemoveBuilding( 2691, 504.3750, -81.3281, 1000.4141, 0.25);
		RemoveBuilding( 2778, 504.8203, -79.9297, 997.9609, 0.25);
		RemoveBuilding( 2681, 504.8359, -81.1719, 997.9609, 0.25);
		RemoveBuilding( 2695, 505.3594, -89.0781, 1000.0078, 0.25);
		RemoveBuilding( 2964, 506.4844, -84.8359, 997.9375, 0.25);
		RemoveBuilding( 2232, 507.1797, -88.3906, 998.5391, 0.25);
		RemoveBuilding( 2662, 507.5078, -89.0703, 1000.4609, 0.25);
		RemoveBuilding( 2660, 509.8516, -89.0781, 1000.9219, 0.25);
		RemoveBuilding( 2964, 510.1016, -84.8359, 997.9375, 0.25);
		RemoveBuilding( 2232, 510.5234, -88.2578, 998.5391, 0.25);
		RemoveBuilding( 2659, 512.3828, -86.6641, 1000.8516, 0.25);
		RemoveBuilding( 2696, 512.3906, -85.2422, 999.7344, 0.25);
		RemoveBuilding( 2662, 487.3516, -76.7422, 1000.2813, 0.25);
		RemoveBuilding( 2112, 489.0469, -75.0938, 998.1953, 0.25);
		RemoveBuilding( 1543, 489.3047, -75.4297, 998.6250, 0.25);
		RemoveBuilding( 1805, 488.9375, -75.8047, 998.0078, 0.25);
		RemoveBuilding( 2350, 491.9141, -77.8828, 998.1328, 0.25);
		RemoveBuilding( 1544, 492.8594, -76.9609, 998.7891, 0.25);
		RemoveBuilding( 1544, 492.8594, -77.1563, 998.7891, 0.25);
		RemoveBuilding( 1544, 492.6875, -77.1328, 998.7891, 0.25);
		RemoveBuilding( 1544, 492.6484, -77.3203, 998.7891, 0.25);
		RemoveBuilding( 1547, 493.7344, -76.7656, 998.8047, 0.25);
		RemoveBuilding( 1542, 494.1641, -77.1641, 998.7891, 0.25);
		RemoveBuilding( 1547, 494.5703, -76.8125, 998.8047, 0.25);
		RemoveBuilding( 1548, 495.6875, -76.7891, 998.8125, 0.25);
		RemoveBuilding( 1541, 495.6719, -77.1641, 998.9609, 0.25);
		RemoveBuilding( 1543, 496.9609, -76.6406, 998.7891, 0.25);
		RemoveBuilding( 1542, 497.0625, -77.1641, 998.7891, 0.25);
		RemoveBuilding( 1543, 497.1250, -76.7891, 998.7891, 0.25);
		RemoveBuilding( 1541, 498.4609, -77.1641, 998.9609, 0.25);
		RemoveBuilding( 1548, 498.4219, -76.7891, 998.8125, 0.25);
		RemoveBuilding( 1543, 499.2422, -76.6250, 998.7891, 0.25);
		RemoveBuilding( 1542, 499.7813, -77.1641, 998.7891, 0.25);
		RemoveBuilding( 1547, 499.7188, -76.8594, 998.8047, 0.25);
		RemoveBuilding( 1543, 500.8125, -76.7500, 998.7891, 0.25);
		RemoveBuilding( 1543, 501.3281, -76.6250, 998.7891, 0.25);
		RemoveBuilding( 1544, 489.5625, -74.8438, 998.6250, 0.25);
		RemoveBuilding( 1543, 489.4688, -74.6563, 998.6250, 0.25);
		RemoveBuilding( 1805, 489.6797, -74.3828, 998.0078, 0.25);
		RemoveBuilding( 2112, 491.5156, -73.2109, 998.1953, 0.25);
		RemoveBuilding( 1544, 491.1406, -73.6719, 998.6250, 0.25);
		RemoveBuilding( 1544, 491.3516, -73.3125, 998.6250, 0.25);
		RemoveBuilding( 1805, 492.1797, -73.6641, 998.0078, 0.25);
		RemoveBuilding( 2112, 493.9766, -73.2109, 998.1953, 0.25);
		RemoveBuilding( 1543, 494.1406, -73.1328, 998.6250, 0.25);
		RemoveBuilding( 1544, 493.9844, -73.7500, 998.6250, 0.25);
		RemoveBuilding( 1543, 493.6563, -73.3906, 998.6250, 0.25);
		RemoveBuilding( 2112, 496.5469, -73.2109, 998.1953, 0.25);
		RemoveBuilding( 1543, 496.2578, -72.9531, 998.6250, 0.25);
		RemoveBuilding( 1805, 495.7891, -73.4531, 998.0078, 0.25);
		RemoveBuilding( 1543, 496.9219, -73.2891, 998.6250, 0.25);
		RemoveBuilding( 1544, 497.0156, -73.4766, 998.6250, 0.25);
		RemoveBuilding( 1805, 497.2188, -73.7422, 998.0078, 0.25);
		RemoveBuilding( 2112, 499.1094, -73.2109, 998.1953, 0.25);
		RemoveBuilding( 1805, 500.2031, -72.9219, 998.0078, 0.25);
		RemoveBuilding( 1805, 507.0469, -70.5938, 998.0078, 0.25);
		RemoveBuilding( 1805, 510.1484, -70.6953, 998.0078, 0.25);
		RemoveBuilding( 1543, 506.3906, -70.1563, 998.6250, 0.25);
		RemoveBuilding( 1543, 510.3594, -70.2344, 998.6250, 0.25);
		RemoveBuilding( 1805, 505.4297, -70.0781, 998.0078, 0.25);
		RemoveBuilding( 1544, 506.7109, -70.0547, 998.6250, 0.25);
		
		//amu 1
		RemoveBuilding( 2358, 298.3359, -41.5469, 1001.6406, 0.25);
		RemoveBuilding( 2358, 297.5234, -41.5938, 1001.6406, 0.25);
		RemoveBuilding( 2358, 284.2344, -39.0547, 1002.7344, 0.25);
		RemoveBuilding( 2047, 283.9375, -38.6172, 1003.7109, 0.25);
		RemoveBuilding( 2358, 284.2578, -37.6016, 1003.2266, 0.25);
		RemoveBuilding( 2358, 284.2578, -37.5938, 1002.7344, 0.25);
		RemoveBuilding( 2358, 284.2656, -37.5469, 1002.9844, 0.25);
		RemoveBuilding( 18035, 292.2344, -35.9531, 1002.2344, 0.25);
		RemoveBuilding( 2048, 283.9375, -35.1484, 1003.7656, 0.25);
		RemoveBuilding( 2358, 284.2578, -34.8438, 1002.7344, 0.25);
		RemoveBuilding( 2359, 299.5234, -32.1172, 1000.7344, 0.25);
		RemoveBuilding( 2358, 299.9922, -31.6797, 1000.8906, 0.25);
		RemoveBuilding( 2358, 299.9922, -31.6406, 1000.6406, 0.25);
		RemoveBuilding( 2358, 300.0000, -31.6250, 1001.1328, 0.25);
		RemoveBuilding( 2358, 299.3125, -31.3203, 1001.1328, 0.25);
		RemoveBuilding( 2358, 299.3594, -31.3594, 1000.8906, 0.25);
		RemoveBuilding( 2358, 299.3281, -31.3359, 1000.6406, 0.25);
		RemoveBuilding( 2619, 299.6641, -30.9063, 1003.0469, 0.25);
		RemoveBuilding( 2358, 298.6016, -30.5313, 1000.8906, 0.25);
		RemoveBuilding( 2358, 298.6016, -30.4844, 1000.6406, 0.25);
		RemoveBuilding( 2358, 298.6016, -30.4766, 1001.1328, 0.25);
		RemoveBuilding( 2358, 289.8906, -30.1875, 1000.6406, 0.25);
		RemoveBuilding( 2358, 289.9297, -30.1875, 1000.8906, 0.25);
		RemoveBuilding( 18034, 294.9609, -29.8906, 1003.3438, 0.25);
		RemoveBuilding( 2358, 297.9766, -30.1875, 1000.8906, 0.25);
		RemoveBuilding( 2358, 297.9375, -30.1875, 1000.6406, 0.25);
		RemoveBuilding( 2359, 297.0000, -30.1563, 1000.7344, 0.25);
		
		//amu 2
		RemoveBuilding( 1885, 284.0000, -83.5938, 1000.5078, 0.25);
		RemoveBuilding( 1736, 285.7813, -86.4688, 1003.6406, 0.25);
		RemoveBuilding( 2358, 296.8672, -86.4531, 1000.6406, 0.25);
		RemoveBuilding( 2359, 295.8281, -86.5234, 1000.7344, 0.25);
		RemoveBuilding( 2358, 296.8281, -86.4531, 1000.8906, 0.25);
		RemoveBuilding( 2358, 296.8828, -86.4531, 1001.1328, 0.25);
		RemoveBuilding( 2358, 294.2109, -86.2813, 1000.8906, 0.25);
		RemoveBuilding( 2358, 294.2500, -86.2969, 1000.6406, 0.25);
		RemoveBuilding( 2358, 294.2656, -86.3047, 1001.1328, 0.25);
		RemoveBuilding( 2358, 293.5234, -86.1719, 1000.6406, 0.25);
		RemoveBuilding( 2358, 293.5234, -86.1875, 1001.1328, 0.25);
		RemoveBuilding( 2359, 293.8594, -85.5938, 1000.7344, 0.25);
		RemoveBuilding( 2358, 293.5156, -86.1328, 1000.8906, 0.25);
		RemoveBuilding( 18041, 296.9297, -84.8984, 1002.3672, 0.25);
		RemoveBuilding( 2047, 283.7188, -83.3125, 1003.5703, 0.25);
		RemoveBuilding( 18042, 293.2891, -81.6875, 1001.0156, 0.25);
		RemoveBuilding( 2619, 293.3984, -76.3516, 1003.0469, 0.25);
		RemoveBuilding( 2047, 283.7188, -73.9531, 1003.3281, 0.25);
		RemoveBuilding( 2048, 283.7188, -70.6953, 1003.5547, 0.25);
		RemoveBuilding( 2358, 284.1328, -68.2266, 1003.0391, 0.25);
		RemoveBuilding( 18104, 289.7656, -71.2969, 1001.6172, 0.25);
		RemoveBuilding( 18043, 293.5234, -71.5547, 1003.1406, 0.25);
		RemoveBuilding( 2358, 284.1328, -67.1719, 1003.0391, 0.25);
		RemoveBuilding( 2358, 284.1328, -66.3281, 1003.0391, 0.25);
		RemoveBuilding( 2358, 284.1328, -66.8281, 1003.2969, 0.25);
		RemoveBuilding( 2060, 291.7969, -65.9297, 1000.6797, 0.25);
		RemoveBuilding( 2060, 291.8203, -65.3203, 1000.9141, 0.25);
		RemoveBuilding( 2358, 284.1328, -65.2813, 1003.0391, 0.25);
		RemoveBuilding( 18040, 304.3984, -64.7344, 1002.0078, 0.25);
		RemoveBuilding( 2060, 291.7500, -64.7266, 1000.6797, 0.25);
		RemoveBuilding( 2060, 291.8438, -64.7266, 1001.1328, 0.25);
		RemoveBuilding( 2060, 291.7969, -62.3203, 1000.6797, 0.25);
		RemoveBuilding( 2060, 291.7969, -63.5234, 1000.6797, 0.25);
		RemoveBuilding( 2060, 291.8203, -64.1172, 1000.9141, 0.25);
		RemoveBuilding( 2060, 291.8203, -62.9141, 1000.9141, 0.25);
		RemoveBuilding( 2060, 291.8203, -63.5234, 1001.1328, 0.25);
		RemoveBuilding( 2048, 289.5938, -56.3359, 1003.5625, 0.25);
		
		//amu 3
		RemoveBuilding( 2358, 285.6328, -112.7344, 1000.8906, 0.25);
		RemoveBuilding( 2358, 284.8203, -112.6250, 1001.1328, 0.25);
		RemoveBuilding( 2358, 284.7656, -112.6016, 1000.8906, 0.25);
		RemoveBuilding( 2358, 284.8047, -112.6172, 1000.6406, 0.25);
		RemoveBuilding( 2358, 285.6719, -112.7344, 1000.6406, 0.25);
		RemoveBuilding( 2358, 285.6875, -112.7344, 1001.1328, 0.25);
		RemoveBuilding( 2358, 286.5469, -112.7266, 1000.8906, 0.25);
		RemoveBuilding( 2358, 286.5078, -112.7344, 1000.6406, 0.25);
		RemoveBuilding( 2358, 286.5938, -112.7422, 1001.1328, 0.25);
		RemoveBuilding( 2358, 284.0703, -112.4531, 1000.8906, 0.25);
		RemoveBuilding( 2358, 284.0781, -112.4922, 1000.6406, 0.25);
		RemoveBuilding( 2358, 284.0781, -112.5078, 1001.1328, 0.25);
		RemoveBuilding( 2359, 284.4141, -111.9141, 1000.7344, 0.25);
		RemoveBuilding( 2358, 287.3438, -112.7266, 1000.8906, 0.25);
		RemoveBuilding( 2358, 287.3125, -112.7422, 1000.6406, 0.25);
		RemoveBuilding( 2358, 287.3984, -112.7266, 1001.1328, 0.25);
		RemoveBuilding( 2125, 290.0156, -112.2500, 1000.8359, 0.25);
		RemoveBuilding( 2619, 295.4063, -112.6875, 1003.0156, 0.25);
		RemoveBuilding( 18044, 287.8672, -109.9922, 1002.2344, 0.25);
		RemoveBuilding( 18046, 292.2656, -107.7109, 1000.5469, 0.25);
		RemoveBuilding( 1885, 293.9688, -110.7969, 1000.5078, 0.25);
		RemoveBuilding( 18048, 290.2266, -105.3203, 1000.9922, 0.25);
		RemoveBuilding( 1885, 298.1797, -106.4688, 1000.5078, 0.25);
		
		//amu 4
		RemoveBuilding( 2358, 303.0000, -144.1250, 998.7266, 0.25);
		RemoveBuilding( 2358, 303.0000, -144.1406, 999.2188, 0.25);
		RemoveBuilding( 2358, 302.9922, -144.0859, 998.9766, 0.25);
		RemoveBuilding( 2358, 303.7422, -144.2578, 999.2188, 0.25);
		RemoveBuilding( 2358, 303.7266, -144.2500, 998.7266, 0.25);
		RemoveBuilding( 2358, 303.6875, -144.2344, 998.9766, 0.25);
		RemoveBuilding( 2358, 304.5547, -144.3672, 998.9766, 0.25);
		RemoveBuilding( 2358, 304.5938, -144.3672, 998.7266, 0.25);
		RemoveBuilding( 2358, 304.6094, -144.3672, 999.2188, 0.25);
		RemoveBuilding( 2358, 305.4297, -144.3672, 998.7266, 0.25);
		RemoveBuilding( 2358, 305.5156, -144.3750, 999.2188, 0.25);
		RemoveBuilding( 2358, 306.2344, -144.3750, 998.7266, 0.25);
		RemoveBuilding( 2358, 305.4688, -144.3594, 998.9766, 0.25);
		RemoveBuilding( 2358, 306.3203, -144.3594, 999.2188, 0.25);
		RemoveBuilding( 2358, 306.2656, -144.3594, 998.9766, 0.25);
		RemoveBuilding( 2358, 305.6406, -133.8828, 1003.6719, 0.25);
		RemoveBuilding( 2358, 305.6406, -133.8281, 1003.4297, 0.25);
		RemoveBuilding( 2358, 305.6250, -133.7969, 1003.1797, 0.25);
		RemoveBuilding( 2358, 305.6406, -133.0313, 1003.4297, 0.25);
		RemoveBuilding( 2358, 305.6250, -133.0781, 1003.6719, 0.25);
		RemoveBuilding( 2358, 305.6328, -132.9922, 1003.1797, 0.25);
		RemoveBuilding( 2358, 305.6328, -132.1172, 1003.4297, 0.25);
		RemoveBuilding( 2358, 305.6328, -132.1563, 1003.1797, 0.25);
		RemoveBuilding( 2358, 305.6328, -132.1719, 1003.6719, 0.25);
		RemoveBuilding( 2358, 305.7500, -131.2891, 1003.1797, 0.25);
		RemoveBuilding( 2358, 305.7422, -131.3047, 1003.6719, 0.25);
		RemoveBuilding( 2358, 305.7656, -131.2500, 1003.4297, 0.25);
		RemoveBuilding( 2358, 305.8750, -130.5625, 1003.1797, 0.25);
		RemoveBuilding( 2358, 305.8594, -130.5625, 1003.6719, 0.25);
		RemoveBuilding( 2358, 305.9141, -130.5547, 1003.4297, 0.25);
		RemoveBuilding( 18052, 309.2109, -137.4766, 1000.3203, 0.25);
		RemoveBuilding( 18109, 311.0703, -137.4453, 1005.0078, 0.25);
		RemoveBuilding( 18053, 311.3750, -137.4219, 1004.8047, 0.25);
		RemoveBuilding( 18054, 311.3750, -134.7578, 1003.2188, 0.25);
		RemoveBuilding( 1977, 316.8750, -140.3516, 998.5859, 0.25);
		RemoveBuilding( 2619, 317.3750, -137.1250, 1005.6953, 0.25);
		
		//amu 5
		RemoveBuilding( 2619, 307.8672, -170.2188, 1000.1875, 0.25);
		RemoveBuilding( 2358, 307.3438, -169.8438, 999.2813, 0.25);
		RemoveBuilding( 2358, 307.2891, -169.8203, 999.0391, 0.25);
		RemoveBuilding( 2358, 307.3281, -169.8359, 998.7891, 0.25);
		RemoveBuilding( 2358, 306.6016, -169.7266, 999.2813, 0.25);
		RemoveBuilding( 2358, 306.6016, -169.7109, 998.7891, 0.25);
		RemoveBuilding( 2358, 306.5938, -169.6719, 999.0391, 0.25);
		RemoveBuilding( 2359, 306.9375, -169.1328, 998.8828, 0.25);
		RemoveBuilding( 2358, 308.1563, -169.9531, 999.0391, 0.25);
		RemoveBuilding( 2358, 308.1953, -169.9531, 998.7891, 0.25);
		RemoveBuilding( 2358, 308.2109, -169.9531, 999.2813, 0.25);
		RemoveBuilding( 2358, 309.0313, -169.9531, 998.7891, 0.25);
		RemoveBuilding( 2358, 309.0703, -169.9453, 999.0391, 0.25);
		RemoveBuilding( 2358, 309.1172, -169.9609, 999.2813, 0.25);
		RemoveBuilding( 2358, 309.9219, -169.9453, 999.2813, 0.25);
		RemoveBuilding( 2358, 309.8672, -169.9453, 999.0391, 0.25);
		RemoveBuilding( 2358, 309.8359, -169.9609, 998.7891, 0.25);
		RemoveBuilding( 2038, 310.0313, -166.8359, 999.7266, 0.25);
		RemoveBuilding( 2038, 310.0313, -166.7031, 999.7266, 0.25);
		RemoveBuilding( 2038, 310.3516, -166.8359, 999.7266, 0.25);
		RemoveBuilding( 2038, 310.3516, -166.7031, 999.7266, 0.25);
		RemoveBuilding( 2038, 310.0313, -166.5703, 999.7266, 0.25);
		RemoveBuilding( 2038, 310.3516, -166.5703, 999.7266, 0.25);
		RemoveBuilding( 2038, 310.0313, -166.4141, 999.7266, 0.25);
		RemoveBuilding( 2038, 310.3516, -166.4141, 999.7266, 0.25);
		RemoveBuilding( 2060, 306.5156, -165.0078, 998.7344, 0.25);
		RemoveBuilding( 1885, 310.1250, -166.2109, 998.5547, 0.25);
		RemoveBuilding( 18063, 309.2891, -164.3281, 1000.7266, 0.25);
		RemoveBuilding( 2060, 306.5156, -164.4141, 998.9766, 0.25);
		RemoveBuilding( 2060, 306.5156, -163.8906, 998.7344, 0.25);
		RemoveBuilding( 2060, 306.5156, -163.2813, 998.9766, 0.25);
		RemoveBuilding( 2060, 306.5156, -163.8047, 999.2266, 0.25);
		RemoveBuilding( 2060, 306.5156, -163.2031, 999.4766, 0.25);
		RemoveBuilding( 2060, 306.5156, -162.7578, 998.7344, 0.25);
		RemoveBuilding( 2060, 306.5156, -162.6719, 999.2266, 0.25);
		RemoveBuilding( 2060, 306.5156, -161.6563, 998.7344, 0.25);
		RemoveBuilding( 2060, 306.5156, -162.1641, 998.9766, 0.25);
		RemoveBuilding( 2061, 310.6016, -162.6641, 1000.8203, 0.25);
		RemoveBuilding( 2061, 310.6016, -162.5000, 1000.8203, 0.25);
		RemoveBuilding( 2061, 310.6016, -162.3281, 1000.8203, 0.25);
		RemoveBuilding( 2061, 310.6016, -162.1328, 1000.8203, 0.25);
		RemoveBuilding( 2061, 310.9297, -162.6641, 1000.8203, 0.25);
		RemoveBuilding( 2061, 310.9297, -162.5000, 1000.8203, 0.25);
		RemoveBuilding( 2061, 310.9297, -162.3281, 1000.8203, 0.25);
		RemoveBuilding( 2061, 310.9297, -162.1328, 1000.8203, 0.25);
		RemoveBuilding( 1885, 315.2422, -169.8984, 998.5547, 0.25);
		RemoveBuilding( 2039, 313.3594, -166.8047, 999.6953, 0.25);
		RemoveBuilding( 2039, 313.3594, -166.6875, 999.6953, 0.25);
		RemoveBuilding( 2043, 314.3750, -166.4688, 999.7734, 0.25);
		RemoveBuilding( 2043, 314.1406, -166.4688, 999.7734, 0.25);
		RemoveBuilding( 2043, 313.8828, -166.4688, 999.7734, 0.25);
		RemoveBuilding( 2039, 313.3594, -166.5703, 999.6953, 0.25);
		RemoveBuilding( 18062, 314.8906, -164.2188, 1000.3203, 0.25);
		RemoveBuilding( 18105, 312.9844, -163.2500, 1000.5547, 0.25);
		RemoveBuilding( 2358, 315.0938, -162.5781, 1000.6563, 0.25);
		RemoveBuilding( 2359, 315.1016, -162.0391, 1000.7344, 0.25);
		RemoveBuilding( 2358, 319.1250, -168.2031, 999.2813, 0.25);
		RemoveBuilding( 2358, 319.1016, -168.2578, 999.0391, 0.25);
		RemoveBuilding( 2358, 319.1172, -168.2188, 998.7891, 0.25);
		RemoveBuilding( 2358, 319.1563, -167.3438, 998.7891, 0.25);
		RemoveBuilding( 2358, 319.1563, -167.3281, 999.2813, 0.25);
		RemoveBuilding( 2358, 319.1641, -167.3828, 999.0391, 0.25);
		RemoveBuilding( 2358, 319.0078, -165.6797, 999.0391, 0.25);
		RemoveBuilding( 2358, 319.0000, -165.6250, 999.2813, 0.25);
		RemoveBuilding( 2358, 319.0234, -165.7109, 998.7891, 0.25);
		RemoveBuilding( 2358, 319.0703, -166.4688, 999.0391, 0.25);
		RemoveBuilding( 2358, 319.0859, -166.4219, 999.2813, 0.25);
		RemoveBuilding( 2358, 319.0859, -166.5078, 998.7891, 0.25);
		
		//horse betting
		RemoveBuilding( 14800, 819.8047, 11.7578, 1003.8906, 0.25);
		RemoveBuilding( 2771, 820.9375, 2.3672, 1004.3984, 0.25);
		RemoveBuilding( 2754, 830.6563, -1.0781, 1004.0703, 0.25);
		RemoveBuilding( 2754, 834.3984, 3.2266, 1004.0703, 0.25);
		RemoveBuilding( 2110, 822.1953, 8.5313, 1003.1719, 0.25);
		RemoveBuilding( 1810, 822.5703, 9.0547, 1003.1875, 0.25);
		RemoveBuilding( 1778, 823.9453, 9.0859, 1003.1875, 0.25);
		
		//sex shop
		RemoveBuilding( 2581, -108.4922, -24.0938, 1000.8438, 0.25);
		RemoveBuilding( 2362, -104.7344, -23.8516, 1000.7344, 0.25);
		RemoveBuilding( 2412, -98.7422, -24.6875, 999.7188, 0.25);
		RemoveBuilding( 2412, -101.1875, -24.6875, 999.7188, 0.25);
		RemoveBuilding( 2581, -107.6094, -7.4922, 1000.8750, 0.25);
		RemoveBuilding( 2581, -102.9375, -7.4922, 1000.8750, 0.25);
		RemoveBuilding( 2362, -108.1641, -9.6719, 1000.8125, 0.25);
		RemoveBuilding( 2369, -104.5703, -9.4922, 1000.8125, 0.25);
		RemoveBuilding( 2584, -99.4141, -10.7969, 1000.5703, 0.25);
		RemoveBuilding( 14666, -101.9688, -8.8984, 1002.0078, 0.25);
		RemoveBuilding( 2596, -102.7031, -15.9531, 1002.5156, 0.25);
		RemoveBuilding( 2596, -104.9688, -16.0000, 1002.5156, 0.25);
		RemoveBuilding( 2596, -101.3516, -16.0078, 1002.5156, 0.25);
		RemoveBuilding( 2596, -106.3047, -15.9531, 1002.5156, 0.25);
		RemoveBuilding( 2596, -107.6641, -7.5859, 1002.5156, 0.25);
		RemoveBuilding( 2596, -106.4922, -7.5859, 1002.5156, 0.25);
		RemoveBuilding( 2595, -108.1563, -9.6172, 1001.1719, 0.25);
		RemoveBuilding( 2595, -102.2813, -24.6875, 1001.4922, 0.25);
		RemoveBuilding( 2599, -101.3984, -10.8047, 1000.1719, 0.25);
		RemoveBuilding( 2599, -108.0078, -22.6797, 1000.1719, 0.25);
		RemoveBuilding( 2587, -98.9609, -14.8359, 1002.5156, 0.25);
		RemoveBuilding( 2588, -98.9531, -21.0781, 1002.5156, 0.25);
		RemoveBuilding( 2580, -108.5547, -19.0703, 1002.4922, 0.25);
		RemoveBuilding( 2580, -98.9766, -16.7422, 1002.5078, 0.25);
		RemoveBuilding( 2587, -108.5703, -20.9766, 1002.5000, 0.25);
		RemoveBuilding( 2580, -105.1406, -7.4453, 1002.3203, 0.25);
		RemoveBuilding( 14673, -102.7031, -7.5078, 1002.0547, 0.25);
		RemoveBuilding( 2670, -102.1719, -22.6406, 999.8516, 0.25);
		RemoveBuilding( 2673, -107.8438, -23.0781, 999.8516, 0.25);
		RemoveBuilding( 2674, -113.9453, -10.9453, 999.7734, 0.25);
		RemoveBuilding( 2674, -100.8750, -18.0313, 999.7734, 0.25);
		RemoveBuilding( 2670, -115.7891, -12.5391, 999.8516, 0.25);
		RemoveBuilding( 2670, -104.3828, -16.1016, 999.8516, 0.25);
		RemoveBuilding( 2670, -108.5000, -14.7734, 999.8516, 0.25);
		RemoveBuilding( 2670, -99.5938, -11.3672, 999.8516, 0.25);
		RemoveBuilding( 2681, -99.3281, -13.1250, 999.7422, 0.25);
		
		//meat
		RemoveBuilding( 1264, 933.0313, 2111.4141, 1011.5625, 0.25);
		RemoveBuilding( 1265, 934.8828, 2112.0703, 1012.8438, 0.25);
		RemoveBuilding( 1265, 935.3359, 2113.1406, 1010.4688, 0.25);
		RemoveBuilding( 1264, 939.4844, 2113.1641, 1010.4531, 0.25);
		RemoveBuilding( 14613, 942.1406, 2142.2578, 1012.5000, 0.25);
		RemoveBuilding( 14584, 942.3203, 2145.5156, 1011.8203, 0.25);
		RemoveBuilding( 14612, 961.1719, 2166.5781, 1012.7344, 0.25);
		
		//zero
		RemoveBuilding( 2489, -2237.6328, 127.5547, 1035.6875, 0.25);
		RemoveBuilding( 2481, -2237.6328, 127.5781, 1036.7969, 0.25);
		RemoveBuilding( 2490, -2237.6406, 127.5547, 1036.3984, 0.25);
		RemoveBuilding( 2495, -2237.6406, 127.5547, 1036.0391, 0.25);
		RemoveBuilding( 2488, -2237.6328, 127.5547, 1035.3281, 0.25);
		RemoveBuilding( 2483, -2236.5078, 127.5625, 1036.6094, 0.25);
		RemoveBuilding( 2504, -2235.0859, 127.6406, 1035.8516, 0.25);
		RemoveBuilding( 2503, -2235.5703, 127.6406, 1035.8516, 0.25);
		RemoveBuilding( 2501, -2234.6328, 127.6406, 1035.8516, 0.25);
		RemoveBuilding( 2513, -2236.5313, 127.6641, 1035.5703, 0.25);
		RemoveBuilding( 2490, -2229.7188, 127.5547, 1036.5391, 0.25);
		RemoveBuilding( 2495, -2229.0938, 127.5547, 1036.5313, 0.25);
		RemoveBuilding( 2190, -2239.2266, 127.8203, 1035.4844, 0.25);
		RemoveBuilding( 2477, -2223.5703, 128.2422, 1036.4922, 0.25);
		RemoveBuilding( 928, -2225.1406, 128.2969, 1034.6719, 0.25);
		RemoveBuilding( 926, -2224.2500, 128.4141, 1034.6563, 0.25);
		RemoveBuilding( 14558, -2223.3438, 128.4219, 1035.2031, 0.25);
		RemoveBuilding( 2484, -2240.8125, 131.0781, 1036.3047, 0.25);
		RemoveBuilding( 2362, -2238.3281, 129.2656, 1035.4453, 0.25);
		RemoveBuilding( 1514, -2238.0781, 129.2266, 1035.6875, 0.25);
		RemoveBuilding( 1885, -2238.1172, 130.0781, 1034.3984, 0.25);
		RemoveBuilding( 2497, -2237.2266, 131.1328, 1037.6875, 0.25);
		RemoveBuilding( 2493, -2233.3516, 129.2734, 1035.4063, 0.25);
		RemoveBuilding( 2510, -2233.6406, 129.2344, 1037.8906, 0.25);
		RemoveBuilding( 2494, -2233.6094, 129.5234, 1035.4063, 0.25);
		RemoveBuilding( 2492, -2233.1016, 129.5234, 1035.4063, 0.25);
		RemoveBuilding( 2496, -2233.3516, 129.7734, 1035.4063, 0.25);
		RemoveBuilding( 2484, -2233.9922, 132.1016, 1036.8281, 0.25);
		RemoveBuilding( 2487, -2226.1641, 129.7500, 1037.5469, 0.25);
		RemoveBuilding( 2499, -2231.4766, 130.3203, 1037.6953, 0.25);
		RemoveBuilding( 2470, -2227.4141, 130.6875, 1036.0391, 0.25);
		RemoveBuilding( 2469, -2228.4688, 130.7188, 1036.0391, 0.25);
		RemoveBuilding( 2503, -2223.5391, 131.0703, 1035.8438, 0.25);
		RemoveBuilding( 2501, -2223.5391, 131.6406, 1035.8438, 0.25);
		RemoveBuilding( 1885, -2240.1719, 136.2031, 1034.3984, 0.25);
		RemoveBuilding( 2469, -2237.9063, 133.1953, 1036.0391, 0.25);
		RemoveBuilding( 2470, -2237.8750, 134.2500, 1036.0391, 0.25);
		RemoveBuilding( 2487, -2238.1719, 135.7969, 1037.5469, 0.25);
		RemoveBuilding( 2504, -2236.8516, 137.8906, 1035.8516, 0.25);
		RemoveBuilding( 2501, -2237.3047, 137.8906, 1035.8516, 0.25);
		RemoveBuilding( 2498, -2231.9453, 132.8125, 1037.5703, 0.25);
		RemoveBuilding( 2512, -2235.9922, 133.4375, 1037.8438, 0.25);
		RemoveBuilding( 2464, -2233.9844, 135.1641, 1036.1953, 0.25);
		RemoveBuilding( 2498, -2232.3281, 136.2422, 1037.5703, 0.25);
		RemoveBuilding( 2503, -2236.3672, 137.8906, 1035.8516, 0.25);
		RemoveBuilding( 2466, -2235.2969, 137.9609, 1036.5547, 0.25);
		RemoveBuilding( 2511, -2229.2734, 132.2813, 1037.8594, 0.25);
		RemoveBuilding( 2503, -2223.5391, 132.4375, 1035.8438, 0.25);
		RemoveBuilding( 2190, -2218.7031, 132.7031, 1035.5000, 0.25);
		RemoveBuilding( 2501, -2223.5391, 133.0078, 1035.8438, 0.25);
		RemoveBuilding( 1885, -2220.2656, 133.1719, 1034.6406, 0.25);
		RemoveBuilding( 14556, -2221.6016, 133.6406, 1036.1563, 0.25);
		RemoveBuilding( 2484, -2228.0938, 133.7734, 1036.8281, 0.25);
		RemoveBuilding( 2512, -2226.4922, 134.0156, 1037.8438, 0.25);
		RemoveBuilding( 2499, -2230.1563, 135.2578, 1037.6953, 0.25);
		RemoveBuilding( 2103, -2218.4063, 135.3047, 1037.0547, 0.25);
		RemoveBuilding( 2063, -2218.5859, 135.9844, 1035.5234, 0.25);
		RemoveBuilding( 1749, -2218.3906, 136.6250, 1036.3047, 0.25);
		RemoveBuilding( 2202, -2221.3984, 136.8047, 1034.6250, 0.25);
		RemoveBuilding( 2478, -2226.3750, 136.9922, 1034.8281, 0.25);
		RemoveBuilding( 2465, -2227.9219, 137.0234, 1036.8594, 0.25);
		RemoveBuilding( 2480, -2226.3672, 137.0781, 1036.4922, 0.25);
		
		//club
		RemoveBuilding( 1823, 482.0625, -25.0938, 1002.0781, 0.25);
		RemoveBuilding( 1544, 482.3906, -24.8672, 1002.5625, 0.25);
		RemoveBuilding( 1754, 482.0469, -23.2891, 1002.0938, 0.25);
		RemoveBuilding( 1544, 482.8906, -24.5547, 1002.5625, 0.25);
		RemoveBuilding( 2290, 483.5156, -26.3516, 1002.0859, 0.25);
		RemoveBuilding( 1754, 484.1250, -24.6172, 1002.0938, 0.25);
		RemoveBuilding( 2596, 482.4453, -20.5938, 1002.2969, 0.25);
		RemoveBuilding( 2125, 482.2656, -20.5078, 1000.0000, 0.25);
		RemoveBuilding( 2125, 484.8359, -20.5000, 1000.0000, 0.25);
		RemoveBuilding( 1754, 485.4531, -24.7031, 1002.0938, 0.25);
		RemoveBuilding( 1823, 486.3906, -25.2891, 1002.0781, 0.25);
		RemoveBuilding( 1544, 486.6797, -24.6406, 1002.5625, 0.25);
		RemoveBuilding( 1544, 486.8125, -24.7500, 1002.5625, 0.25);
		RemoveBuilding( 2596, 485.7422, -20.5938, 1002.2969, 0.25);
		RemoveBuilding( 2125, 486.0859, -20.5625, 1000.0000, 0.25);
		RemoveBuilding( 2290, 487.8203, -26.3516, 1002.0859, 0.25);
		RemoveBuilding( 1544, 487.2031, -24.5859, 1002.5625, 0.25);
		RemoveBuilding( 1544, 487.1797, -25.1094, 1002.5625, 0.25);
		RemoveBuilding( 1517, 487.2266, -20.5391, 1000.3438, 0.25);
		RemoveBuilding( 1754, 488.4219, -25.1719, 1002.0938, 0.25);
		RemoveBuilding( 1754, 488.0313, -23.3906, 1002.0938, 0.25);
		RemoveBuilding( 2125, 488.2266, -20.5000, 1000.0000, 0.25);
		RemoveBuilding( 2690, 489.1953, -20.7891, 1000.3984, 0.25);
		RemoveBuilding( 2372, 497.8438, -24.6563, 999.6563, 0.25);
		RemoveBuilding( 1775, 495.9688, -24.3203, 1000.7344, 0.25);
		RemoveBuilding( 1517, 500.6250, -24.1563, 1000.9219, 0.25);
		RemoveBuilding( 1517, 500.7578, -23.7344, 1000.9219, 0.25);
		RemoveBuilding( 1517, 500.7969, -23.4922, 1000.9219, 0.25);
		RemoveBuilding( 2350, 499.8359, -23.3359, 1000.0391, 0.25);
		RemoveBuilding( 1517, 501.0000, -23.7969, 1000.9219, 0.25);
		RemoveBuilding( 1520, 500.8047, -23.1484, 1000.7969, 0.25);
		RemoveBuilding( 1541, 501.4375, -23.1563, 1000.8906, 0.25);
		RemoveBuilding( 1543, 500.8125, -21.8672, 1000.7422, 0.25);
		RemoveBuilding( 1542, 501.4297, -22.1719, 1000.7109, 0.25);
		RemoveBuilding( 1544, 501.0469, -22.2813, 1000.7422, 0.25);
		RemoveBuilding( 1541, 501.4375, -21.2266, 1000.8906, 0.25);
		RemoveBuilding( 1548, 501.1094, -21.2266, 1000.7344, 0.25);
		RemoveBuilding( 2350, 499.8594, -21.6328, 1000.0391, 0.25);
		RemoveBuilding( 2596, 502.8281, -22.1094, 1002.2969, 0.25);
		RemoveBuilding( 1517, 503.2656, -23.1328, 1000.8359, 0.25);
		RemoveBuilding( 1520, 503.2734, -22.7891, 1000.7109, 0.25);
		RemoveBuilding( 1517, 503.4688, -22.9453, 1000.8359, 0.25);
		RemoveBuilding( 1517, 503.3828, -23.0859, 1002.0859, 0.25);
		RemoveBuilding( 1520, 503.3906, -22.7422, 1001.9609, 0.25);
		RemoveBuilding( 1545, 503.1484, -21.0938, 1001.5313, 0.25);
		RemoveBuilding( 1520, 503.3906, -20.9922, 1001.9609, 0.25);
		RemoveBuilding( 1517, 503.5859, -21.1484, 1002.0859, 0.25);
		RemoveBuilding( 1517, 503.3828, -21.3359, 1002.0859, 0.25);
		RemoveBuilding( 1517, 503.5859, -20.5703, 1002.0859, 0.25);
		RemoveBuilding( 1517, 503.3828, -20.7578, 1002.0859, 0.25);
		RemoveBuilding( 2670, 478.2188, -19.4141, 999.7813, 0.25);
		RemoveBuilding( 18102, 477.2656, -18.1719, 1001.6484, 0.25);
		RemoveBuilding( 2125, 482.6094, -19.5156, 1000.0000, 0.25);
		RemoveBuilding( 1544, 477.2109, -16.1016, 1003.7266, 0.25);
		RemoveBuilding( 1544, 477.3203, -13.9375, 1003.7266, 0.25);
		RemoveBuilding( 1520, 483.3359, -20.1094, 1000.2031, 0.25);
		RemoveBuilding( 1520, 483.6797, -20.1016, 1000.2031, 0.25);
		RemoveBuilding( 2125, 484.2266, -19.5547, 1000.0000, 0.25);
		RemoveBuilding( 1823, 484.1094, -19.9141, 999.6563, 0.25);
		RemoveBuilding( 2125, 486.0938, -19.5938, 1000.0000, 0.25);
		RemoveBuilding( 1520, 487.3359, -20.1484, 1000.2031, 0.25);
		RemoveBuilding( 2125, 488.3281, -19.6094, 1000.0000, 0.25);
		RemoveBuilding( 1823, 487.6250, -19.9141, 999.6563, 0.25);
		RemoveBuilding( 18089, 488.3828, -13.4063, 1000.7813, 0.25);
		RemoveBuilding( 1823, 493.3750, -18.1250, 999.6563, 0.25);
		RemoveBuilding( 2125, 493.3516, -18.6641, 1000.0000, 0.25);
		RemoveBuilding( 2125, 494.3906, -18.6563, 1000.0000, 0.25);
		RemoveBuilding( 1517, 494.1797, -17.6016, 1000.3438, 0.25);
		RemoveBuilding( 2125, 494.3281, -16.5234, 1000.0000, 0.25);
		RemoveBuilding( 2125, 493.5391, -16.4219, 1000.0000, 0.25);
		RemoveBuilding( 1823, 495.9844, -17.4844, 999.6563, 0.25);
		RemoveBuilding( 2125, 495.9922, -16.0000, 1000.0000, 0.25);
		RemoveBuilding( 2125, 495.9219, -18.1719, 1000.0000, 0.25);
		RemoveBuilding( 2125, 496.0156, -14.9688, 1000.0000, 0.25);
		RemoveBuilding( 1823, 495.6484, -14.5703, 999.6563, 0.25);
		RemoveBuilding( 2125, 495.7891, -13.1797, 1000.0000, 0.25);
		RemoveBuilding( 1520, 496.1484, -13.8672, 1000.2031, 0.25);
		RemoveBuilding( 1517, 496.7656, -16.8359, 1000.3438, 0.25);
		RemoveBuilding( 1517, 496.4297, -16.7734, 1000.3438, 0.25);
		RemoveBuilding( 2125, 496.9375, -15.8828, 1000.0000, 0.25);
		RemoveBuilding( 2125, 497.0859, -17.9922, 1000.0000, 0.25);
		RemoveBuilding( 2125, 497.2813, -13.7422, 1000.0000, 0.25);
		RemoveBuilding( 2350, 499.8359, -19.6875, 1000.0391, 0.25);
		RemoveBuilding( 2350, 499.8594, -17.9844, 1000.0391, 0.25);
		RemoveBuilding( 1520, 500.8828, -19.6875, 1000.7969, 0.25);
		RemoveBuilding( 1541, 501.4375, -18.0625, 1000.8906, 0.25);
		RemoveBuilding( 1542, 501.4297, -19.0078, 1000.7109, 0.25);
		RemoveBuilding( 1547, 500.9766, -19.2344, 1000.7266, 0.25);
		RemoveBuilding( 1548, 501.1250, -18.1172, 1000.7344, 0.25);
		RemoveBuilding( 1517, 500.8906, -16.5625, 1000.9219, 0.25);
		RemoveBuilding( 1517, 501.5859, -16.5625, 1000.9219, 0.25);
		RemoveBuilding( 1520, 500.6953, -17.0469, 1000.7969, 0.25);
		RemoveBuilding( 1517, 501.1406, -16.2891, 1000.9219, 0.25);
		RemoveBuilding( 1517, 501.1406, -16.5469, 1000.9219, 0.25);
		RemoveBuilding( 2350, 499.8516, -16.1484, 1000.0391, 0.25);
		RemoveBuilding( 2596, 502.8281, -18.4375, 1002.2969, 0.25);
		RemoveBuilding( 1545, 503.1484, -19.4297, 1001.5313, 0.25);
		RemoveBuilding( 1520, 503.3047, -16.8906, 1000.7109, 0.25);
		RemoveBuilding( 1544, 503.3906, -17.6172, 1001.3438, 0.25);
		RemoveBuilding( 1544, 503.3516, -17.8047, 1001.3438, 0.25);
		RemoveBuilding( 1520, 503.4375, -17.1641, 1000.7109, 0.25);
		RemoveBuilding( 1544, 503.5625, -17.6406, 1001.3438, 0.25);
		RemoveBuilding( 1544, 503.5625, -17.4453, 1001.3438, 0.25);
		RemoveBuilding( 2649, 477.8438, -7.7266, 1003.8672, 0.25);
		RemoveBuilding( 1436, 479.5938, -8.9922, 1001.2188, 0.25);
		RemoveBuilding( 2232, 478.3359, -5.5859, 1001.6797, 0.25);
		RemoveBuilding( 2670, 479.2891, -5.4063, 1001.1797, 0.25);
		RemoveBuilding( 2670, 479.8203, -5.8125, 1001.1797, 0.25);
		RemoveBuilding( 2232, 480.7969, -5.1016, 1001.6797, 0.25);
		RemoveBuilding( 1544, 480.8594, -5.0156, 1002.2656, 0.25);
		RemoveBuilding( 1436, 479.5938, -4.2969, 1002.6328, 0.25);
		RemoveBuilding( 2232, 482.5781, -3.2188, 1001.6797, 0.25);
		RemoveBuilding( 2125, 493.2266, -12.3906, 1000.0000, 0.25);
		RemoveBuilding( 2125, 494.3672, -12.3984, 1000.0000, 0.25);
		RemoveBuilding( 1823, 493.3750, -11.9688, 999.6563, 0.25);
		RemoveBuilding( 2125, 494.3281, -10.3672, 1000.0000, 0.25);
		RemoveBuilding( 2125, 493.2266, -10.2656, 1000.0000, 0.25);
		RemoveBuilding( 2125, 495.9531, -9.3828, 1000.0000, 0.25);
		RemoveBuilding( 2125, 495.9531, -11.5078, 1000.0000, 0.25);
		RemoveBuilding( 1823, 496.1016, -11.0859, 999.6563, 0.25);
		RemoveBuilding( 2125, 497.1172, -11.6172, 1000.0000, 0.25);
		RemoveBuilding( 2125, 497.0547, -9.4844, 1000.0000, 0.25);
		RemoveBuilding( 1517, 496.8906, -10.4063, 1000.3438, 0.25);
		RemoveBuilding( 2596, 499.9922, -8.9688, 1003.1719, 0.25);
		RemoveBuilding( 2779, 501.4688, -10.3672, 999.6797, 0.25);
		RemoveBuilding( 2778, 502.4063, -7.5313, 999.6797, 0.25);
		RemoveBuilding( 2681, 503.6484, -7.5156, 999.6797, 0.25);
		RemoveBuilding( 2232, 495.0391, -5.4063, 1001.6797, 0.25);
		RemoveBuilding( 1544, 495.0078, -5.4453, 1002.2656, 0.25);
		RemoveBuilding( 1544, 495.2031, -5.3828, 1002.2656, 0.25);
		RemoveBuilding( 2670, 497.1563, -7.1094, 999.7813, 0.25);
		RemoveBuilding( 2232, 496.3750, -5.6953, 1001.6797, 0.25);
		RemoveBuilding( 2653, 506.1406, -4.3672, 1004.2109, 0.25);
		RemoveBuilding( 2232, 494.0625, -2.5156, 1001.6797, 0.25);
		RemoveBuilding( 1776, 500.5625, -1.3672, 1000.7344, 0.25);
		RemoveBuilding( 1775, 501.8281, -1.4297, 1000.7344, 0.25);
		
		//prob in
		RemoveBuilding( 2964, -225.7422, 1396.2422, 27.3438, 0.25);
		RemoveBuilding( 16153, -225.7500, 1406.6953, 26.7656, 0.25);
		RemoveBuilding( 16154, -219.4375, 1407.3828, 26.7656, 0.25);
		RemoveBuilding( 16155, -218.4219, 1407.4141, 28.3438, 0.25);
		
		//ranch
		RemoveBuilding( 14828, 1206.0625, -43.9453, 1001.3203, 0.25);
		RemoveBuilding( 2776, 1208.4219, -29.2656, 1000.4141, 0.25);
		RemoveBuilding( 14810, 1211.2500, -32.5156, 1001.4219, 0.25);
		RemoveBuilding( 14811, 1211.2734, -32.5469, 1001.7891, 0.25);
		RemoveBuilding( 2776, 1214.2422, -37.7266, 1000.4141, 0.25);
		RemoveBuilding( 2776, 1214.0625, -36.6016, 1000.4141, 0.25);
		RemoveBuilding( 2776, 1209.4063, -29.6797, 1000.4141, 0.25);
		RemoveBuilding( 2776, 1212.3984, -31.8594, 1000.4141, 0.25);
		RemoveBuilding( 2776, 1211.9063, -30.8906, 1000.4141, 0.25);
		RemoveBuilding( 2776, 1214.7422, -28.8438, 1000.4141, 0.25);
		RemoveBuilding( 2776, 1215.8359, -29.0313, 1000.4141, 0.25);
		
		//strip club
		RemoveBuilding( 2726, 1203.0859, -11.5156, 1001.1016, 0.25);
		RemoveBuilding( 2725, 1203.1484, -11.3438, 1000.3203, 0.25);
		RemoveBuilding( 2725, 1203.1484, -2.3203, 1000.3203, 0.25);
		RemoveBuilding( 2726, 1203.1797, -5.1250, 1001.1016, 0.25);
		RemoveBuilding( 2725, 1203.1484, -5.0938, 1000.3203, 0.25);
		RemoveBuilding( 2726, 1203.2734, -2.5000, 1001.1016, 0.25);
		RemoveBuilding( 2723, 1203.7188, -10.2969, 1000.2813, 0.25);
		RemoveBuilding( 2724, 1204.1016, -12.1953, 1000.4609, 0.25);
		RemoveBuilding( 2723, 1204.0547, -5.8438, 1000.2813, 0.25);
		RemoveBuilding( 2724, 1204.3594, -4.3750, 1000.4609, 0.25);
		RemoveBuilding( 14834, 1200.3516, 9.8828, 1000.2109, 0.25);
		RemoveBuilding( 2726, 1200.7578, 15.6875, 1001.1016, 0.25);
		RemoveBuilding( 2725, 1200.9063, 15.7734, 1000.3203, 0.25);
		RemoveBuilding( 2726, 1202.3984, 8.1406, 1001.1016, 0.25);
		RemoveBuilding( 2725, 1202.2734, 8.3203, 1000.3203, 0.25);
		RemoveBuilding( 2255, 1202.2500, 13.7500, 1001.6797, 0.25);
		RemoveBuilding( 2725, 1203.1484, 0.3594, 1000.3203, 0.25);
		RemoveBuilding( 2723, 1204.1328, -0.5156, 1000.2813, 0.25);
		RemoveBuilding( 2726, 1203.0938, 0.5781, 1001.1016, 0.25);
		RemoveBuilding( 2724, 1204.1250, 1.2578, 1000.4609, 0.25);
		RemoveBuilding( 14839, 1203.7813, 17.1094, 1001.4844, 0.25);
		RemoveBuilding( 2723, 1208.7109, 0.6172, 1000.2813, 0.25);
		RemoveBuilding( 2726, 1207.8672, 1.0703, 1001.1016, 0.25);
		RemoveBuilding( 2725, 1207.7500, 1.2500, 1000.3203, 0.25);
		RemoveBuilding( 2724, 1206.5391, 1.6328, 1000.4609, 0.25);
		RemoveBuilding( 2724, 1208.5938, 2.0391, 1000.4609, 0.25);
		RemoveBuilding( 14830, 1212.1875, -2.1719, 1001.4688, 0.25);
		RemoveBuilding( 14832, 1212.1875, -2.1719, 1001.4688, 0.25);
		RemoveBuilding( 14837, 1212.1875, -2.1719, 1001.4688, 0.25);
		RemoveBuilding( 2723, 1220.1797, -0.9688, 1000.2813, 0.25);
		RemoveBuilding( 2724, 1219.8125, 0.9688, 1000.4609, 0.25);
		RemoveBuilding( 2726, 1215.7188, 4.9297, 1001.1016, 0.25);
		RemoveBuilding( 2725, 1215.7656, 4.8203, 1000.3203, 0.25);
		RemoveBuilding( 2723, 1216.4375, 3.7891, 1000.2813, 0.25);
		RemoveBuilding( 2724, 1216.9453, 4.9922, 1000.4609, 0.25);
		RemoveBuilding( 2723, 1216.3828, 6.0781, 1000.2813, 0.25);
		RemoveBuilding( 2725, 1215.8047, 7.4531, 1000.3203, 0.25);
		RemoveBuilding( 2726, 1215.9297, 7.2734, 1001.1016, 0.25);
		RemoveBuilding( 2724, 1216.5781, 8.1484, 1000.4609, 0.25);
		RemoveBuilding( 2723, 1221.3984, -0.7031, 1000.2813, 0.25);
		RemoveBuilding( 2726, 1220.9219, 0.5781, 1001.1016, 0.25);
		RemoveBuilding( 2725, 1220.9766, 0.3516, 1000.3203, 0.25);
		
		//unnamed brothel
		RemoveBuilding( 14770, 940.9922, -5.6797, 1000.3750, 0.25);
		RemoveBuilding( 14772, 945.4531, 8.3984, 1002.1719, 0.25);
		RemoveBuilding( 14773, 946.7266, 8.6563, 1002.1719, 0.25);
		RemoveBuilding( 14775, 975.5781, -8.6016, 1002.1719, 0.25);
		
		//tiger brothel
		RemoveBuilding( 14817, 949.4844, -50.8359, 1001.8672, 0.25);
		RemoveBuilding( 2573, 948.2500, -41.5391, 1000.1016, 0.25);
		RemoveBuilding( 1725, 951.9844, -46.2813, 1000.1250, 0.25);
		RemoveBuilding( 1803, 952.9609, -57.4375, 1000.0938, 0.25);
		RemoveBuilding( 2576, 955.1953, -55.4531, 1000.1016, 0.25);
		RemoveBuilding( 2573, 955.3281, -43.5547, 1000.1016, 0.25);
		RemoveBuilding( 2276, 956.5469, -55.8672, 1001.5313, 0.25);
		RemoveBuilding( 1792, 957.5078, -61.6641, 1000.9219, 0.25);
		RemoveBuilding( 14816, 957.6875, -52.4766, 1001.6406, 0.25);
		RemoveBuilding( 2024, 960.2500, -58.0625, 1000.3984, 0.25);
		RemoveBuilding( 1828, 961.3984, -54.0469, 1000.1484, 0.25);
		RemoveBuilding( 1736, 964.4531, -55.4688, 1002.0469, 0.25);
		RemoveBuilding( 2255, 956.5703, -46.4453, 1001.9531, 0.25);
		RemoveBuilding( 2618, 956.7109, -48.7266, 1000.1172, 0.25);
		RemoveBuilding( 2240, 957.1172, -43.4609, 1000.7188, 0.25);
		RemoveBuilding( 2118, 960.8672, -45.6484, 1000.5234, 0.25);
		RemoveBuilding( 2776, 967.8984, -48.4688, 1000.5703, 0.25);
		RemoveBuilding( 2776, 967.5234, -47.2578, 1000.5703, 0.25);
		RemoveBuilding( 2776, 967.1094, -44.3203, 1000.5703, 0.25);
		RemoveBuilding( 2776, 967.8047, -45.0781, 1000.5703, 0.25);
		
		//liberty city
		RemoveBuilding( 3922, -792.2500, 500.3828, 1370.6484, 0.25);
		RemoveBuilding( 3946, -785.9922, 497.1641, 1373.9609, 0.25);
		RemoveBuilding( 3966, -788.5234, 491.5938, 1375.9141, 0.25);
		RemoveBuilding( 3963, -788.2109, 490.3750, 1377.0859, 0.25);
		RemoveBuilding( 1432, -788.4766, 491.1641, 1375.2891, 0.25);
		RemoveBuilding( 1486, -788.5625, 495.5000, 1372.0469, 0.25);
		RemoveBuilding( 1486, -788.6875, 495.5000, 1372.0469, 0.25);
		RemoveBuilding( 1486, -788.7969, 495.5000, 1372.0469, 0.25);
		RemoveBuilding( 1486, -788.9141, 495.5000, 1372.0469, 0.25);
		RemoveBuilding( 1551, -788.4375, 495.5156, 1372.1563, 0.25);
		RemoveBuilding( 1551, -788.2578, 495.5156, 1372.1563, 0.25);
		RemoveBuilding( 1488, -787.4063, 495.4766, 1372.6563, 0.25);
		RemoveBuilding( 1511, -787.8984, 495.4766, 1372.6563, 0.25);
		RemoveBuilding( 1487, -788.0547, 495.5234, 1372.0859, 0.25);
		RemoveBuilding( 1487, -787.6953, 495.5234, 1372.0859, 0.25);
		RemoveBuilding( 1520, -787.1953, 495.4453, 1371.9688, 0.25);
		RemoveBuilding( 1520, -787.0391, 495.4453, 1371.9688, 0.25);
		RemoveBuilding( 1517, -786.8828, 495.4453, 1372.1094, 0.25);
		RemoveBuilding( 1543, -786.6484, 495.4609, 1371.8984, 0.25);
		RemoveBuilding( 1971, -787.6016, 496.3203, 1373.5234, 0.25);
		RemoveBuilding( 1972, -787.8203, 499.2500, 1372.1172, 0.25);
		RemoveBuilding( 3965, -787.3828, 497.5859, 1372.1719, 0.25);
		RemoveBuilding( 1432, -787.2500, 497.7656, 1375.2891, 0.25);
		RemoveBuilding( 1432, -787.4766, 504.5938, 1370.8594, 0.25);
		RemoveBuilding( 3944, -787.4922, 505.8750, 1374.7188, 0.25);
		RemoveBuilding( 1432, -790.6016, 509.0391, 1370.8594, 0.25);
		RemoveBuilding( 1432, -787.8203, 509.0469, 1370.8594, 0.25);
		RemoveBuilding( 1544, -786.4766, 495.4609, 1371.8984, 0.25);
		RemoveBuilding( 1546, -786.2266, 495.5156, 1371.9766, 0.25);
		RemoveBuilding( 1546, -786.0625, 495.5156, 1371.9766, 0.25);
		RemoveBuilding( 1546, -786.0156, 495.6719, 1371.9766, 0.25);
		RemoveBuilding( 1546, -786.1953, 495.6797, 1371.9766, 0.25);
		RemoveBuilding( 1546, -785.9219, 495.5156, 1371.9766, 0.25);
		RemoveBuilding( 1546, -785.7969, 495.5156, 1371.9766, 0.25);
		RemoveBuilding( 1545, -785.3672, 495.4609, 1372.5938, 0.25);
		RemoveBuilding( 1541, -785.9766, 498.6719, 1372.2500, 0.25);
		RemoveBuilding( 3920, -786.3672, 498.8906, 1374.2969, 0.25);
		RemoveBuilding( 1514, -782.3594, 499.0547, 1372.1250, 0.25);
		RemoveBuilding( 1432, -783.0078, 509.0156, 1370.8594, 0.25);
		RemoveBuilding( 3921, -778.9766, 493.9609, 1375.7031, 0.25);
		RemoveBuilding( 3962, -778.5391, 504.4766, 1373.4609, 0.25);
		RemoveBuilding( 1432, -779.8750, 509.0547, 1370.8594, 0.25);
	}